year,month,hou,本候灯下白背飞虱虫量（头）,本侯灯下褐飞虱虫量（头）,本候灯下稻飞虱合计
2001,6,2,72,17,89.0
2001,6,3,30,8,38.0
2001,6,4,4,0,4.0
2001,6,6,0,0,0.0
2001,7,1,15,5,20.0
2001,7,2,17,1,18.0
2001,7,4,26,4,30.0
2001,7,5,8,1,9.0
2001,7,6,7,5,12.0
2002,4,2,0,0,0.0
2002,4,3,0,0,0.0
2002,4,4,0,0,0.0
2002,4,5,0,0,0.0
2002,4,6,0,0,0.0
2002,5,1,0,0,0.0
2002,5,2,0,0,0.0
2002,5,3,0,0,0.0
2002,5,4,6,0,6.0
2002,5,5,72,5,77.0
2002,5,6,107,15,122.0
2002,6,1,93,12,105.0
2002,6,2,60,16,76.0
2002,6,3,238,70,308.0
2002,6,4,108,60,168.0
2002,6,5,108,60,168.0
2002,6,6,74,45,119.0
2002,7,1,67,49,116.0
2002,7,2,48,39,87.0
2002,7,3,19,17,36.0
2002,7,4,44,28,72.0
2002,7,5,55,40,95.0
2002,7,6,28,10,38.0
2002,8,1,33,19,52.0
2002,8,2,26,21,47.0
2002,8,3,13,15,28.0
2003,3,2,0,0,0.0
2003,3,3,0,0,0.0
2003,3,4,0,0,0.0
2003,3,5,0,0,0.0
2003,3,6,0,0,0.0
2003,4,1,0,0,0.0
2003,4,2,0,0,0.0
2003,4,3,0,0,0.0
2003,4,4,0,0,0.0
2003,4,5,0,0,0.0
2003,4,6,0,0,0.0
2003,5,1,0,0,0.0
2003,5,2,0,0,0.0
2003,5,3,0,0,0.0
2003,5,4,0,0,0.0
2003,5,5,0,0,0.0
2003,5,6,11,0,11.0
2003,6,1,8,0,8.0
2003,6,2,8,0,8.0
2003,6,2,10,0,10.0
2003,6,3,19,0,19.0
2003,6,4,13,2,15.0
2003,6,5,16,2,18.0
2003,7,1,13,0,13.0
2003,7,2,21,9,30.0
2003,7,3,8,10,18.0
2003,7,4,7,2,9.0
2003,7,5,15,8,23.0
2003,7,6,12,8,20.0
2003,8,1,14,12,26.0
2003,8,2,89,59,148.0
2003,8,3,18,10,28.0
2003,8,4,0,0,0.0
2003,8,5,0,0,0.0
2003,8,6,0,0,0.0
2003,9,1,0,0,0.0
2004,5,1,0,0,0.0
2004,5,2,0,0,0.0
2004,5,3,7,0,7.0
2004,5,4,9,0,9.0
2004,5,5,11,0,11.0
2004,6,1,13,0,13.0
2004,6,2,37,3,40.0
2004,6,3,67,10,77.0
2004,6,4,37,8,45.0
2004,6,5,63,15,78.0
2004,6,6,46,13,59.0
2004,7,1,74,18,92.0
2004,7,2,105,86,191.0
2004,7,3,106,32,138.0
2004,7,4,66,25,91.0
2004,7,5,66,28,94.0
2004,7,6,64,31,95.0
2004,8,1,89,73,162.0
2004,8,2,50,54,104.0
2004,8,3,52,51,103.0
2006,5,1,0,0,0.0
2006,5,2,0,0,0.0
2006,5,3,2,0,2.0
2006,5,4,18,4,22.0
2006,5,5,13,2,15.0
2006,5,6,12,1,13.0
2006,6,1,27,3,30.0
2006,6,2,34,6,40.0
2006,6,3,46,8,54.0
2006,6,4,60,10,70.0
2006,6,5,58,14,72.0
2006,6,6,45,12,57.0
2006,7,1,95,12,107.0
2006,7,2,128,20,148.0
2006,7,3,132,20,152.0
2006,7,4,142,41,183.0
2006,7,5,146,69,215.0
2006,7,6,157,141,298.0
2006,8,1,183,141,324.0
2006,8,2,160,116,276.0
2006,8,3,132,67,199.0
2006,8,4,18,26,44.0
2006,8,5,2,0,2.0
2006,8,6,0,0,0.0
2007,5,1,0,0,0.0
2007,5,1,0,0,0.0
2007,5,1,0,0,0.0
2007,5,1,0,0,0.0
2007,5,1,0,0,0.0
2007,5,2,0,0,0.0
2007,5,2,1,0,1.0
2007,5,2,0,0,0.0
2007,5,2,1,0,1.0
2007,5,2,,0,0.0
2007,5,3,,0,0.0
2007,5,3,,0,0.0
2007,5,3,,0,0.0
2007,5,3,,0,0.0
2007,5,3,,0,0.0
2007,5,4,1,0,1.0
2007,5,4,1,0,1.0
2007,5,4,2,0,2.0
2007,5,4,1,0,1.0
2007,5,4,0,0,0.0
2007,5,5,1,0,1.0
2007,5,5,0,0,0.0
2007,5,5,0,0,0.0
2007,5,5,0,0,0.0
2007,5,5,1,0,1.0
2007,5,6,0,0,0.0
2007,5,6,0,0,0.0
2007,5,6,2,0,2.0
2007,5,6,2,0,2.0
2007,5,6,0,0,0.0
2007,5,6,1,0,1.0
2007,6,1,2,0,2.0
2007,6,1,7,0,7.0
2007,6,1,1,3,4.0
2007,6,1,0,0,0.0
2007,6,1,0,0,0.0
2007,6,2,1,0,1.0
2007,6,2,0,0,0.0
2007,6,2,,0,0.0
2007,6,2,,0,0.0
2007,6,2,1,0,1.0
2007,6,3,0,0,0.0
2007,6,3,2,0,2.0
2007,6,3,3,0,3.0
2007,6,3,5,0,5.0
2007,6,3,0,0,0.0
2007,6,4,0,0,0.0
2007,6,4,0,0,0.0
2007,6,4,0,0,0.0
2007,6,4,0,0,0.0
2007,6,4,0,0,0.0
2007,6,5,1,0,1.0
2007,6,5,1,0,1.0
2007,6,5,1,0,1.0
2007,6,5,3,0,3.0
2007,6,5,4,0,4.0
2007,6,6,1,0,1.0
2007,6,6,2,0,2.0
2007,6,6,11,0,11.0
2007,6,6,4,0,4.0
2007,6,6,3,0,3.0
2007,7,1,36,2,38.0
2007,7,1,3,0,3.0
2007,7,1,14,1,15.0
2007,7,1,43,2,45.0
2007,7,1,112,0,112.0
2007,7,2,67,0,67.0
2007,7,2,90,0,90.0
2007,7,2,176,2,178.0
2007,7,2,128,16,144.0
2007,7,2,32,4,36.0
2007,7,3,24,3,27.0
2007,7,3,351,15,366.0
2007,7,3,111,8,119.0
2007,7,3,49,3,52.0
2007,7,3,58,5,63.0
2007,7,4,18,2,20.0
2007,7,4,17,4,21.0
2007,7,4,,,0.0
2007,7,4,8,1,9.0
2007,7,4,,,0.0
2007,7,5,8,2,10.0
2007,7,5,52,3,55.0
2007,7,5,,,0.0
2007,7,5,12,0,12.0
2007,7,5,,,0.0
2007,7,6,,,0.0
2007,7,6,,,0.0
2007,7,6,70,4,74.0
2007,7,6,,,0.0
2007,7,6,850,8,858.0
2007,7,6,,,0.0
2007,8,1,640,10,650.0
2007,8,1,1000,32,1032.0
2007,8,1,600,50,650.0
2007,8,1,800,24,824.0
2007,8,1,432,24,456.0
2007,8,2,200,16,216.0
2007,8,2,1100,32,1132.0
2007,8,2,184,16,200.0
2007,8,2,,,0.0
2007,8,2,45,22,67.0
2007,8,3,100,30,130.0
2007,8,3,,,0.0
2007,8,3,36,15,51.0
2007,8,3,860,45,905.0
2007,8,3,420,50,470.0
2007,8,4,40,35,75.0
2007,8,4,15,22,37.0
2007,8,4,25,20,45.0
2007,8,4,20,10,30.0
2007,8,4,20,28,48.0
2007,8,5,33,110,143.0
2007,8,5,15,167,182.0
2007,8,5,1,2,3.0
2007,8,5,2,160,162.0
2007,8,5,3,15,18.0
2007,8,6,2,165,167.0
2007,8,6,2,16,18.0
2007,8,6,0,130,130.0
2007,8,6,0,60,60.0
2007,8,6,2,14,16.0
2007,8,6,0,8,8.0
2008,5,3,7,0,7.0
2008,5,4,10,0,10.0
2008,5,5,7,0,7.0
2008,5,6,14,0,14.0
2008,6,1,24,0,24.0
2008,6,2,26,0,26.0
2008,6,3,37,0,37.0
2008,6,4,126,0,126.0
2008,6,5,0,0,0.0
2008,6,6,310,0,310.0
2008,7,1,196,0,196.0
2008,7,2,439,0,439.0
2008,7,3,462,0,462.0
2008,7,4,13,2,15.0
2008,7,5,5,10,15.0
2008,7,6,4,9,13.0
2008,8,1,5,15,20.0
2008,8,2,0,7,7.0
2009,5,1,,0,
2009,5,1,,0,
2009,5,1,,0,
2009,5,1,,0,
2009,5,1,,0,
2009,5,2,,0,
2009,5,2,,0,
2009,5,2,,0,
2009,5,2,,0,
2009,5,2,,0,
2009,5,3,,0,
2009,5,3,,0,
2009,5,3,,0,
2009,5,3,,0,
2009,5,3,,0,
2009,5,4,,0,
2009,5,4,,0,
2009,5,4,,0,
2009,5,4,,0,
2009,5,4,,0,
2009,5,5,,0,
2009,5,5,,0,
2009,5,5,,0,
2009,5,5,,0,
2009,5,5,,0,
2009,5,6,,0,
2009,5,6,,0,
2009,5,6,,0,
2009,5,6,,0,
2009,5,6,,0,
2009,5,6,,0,
2009,6,1,,0,
2009,6,1,,0,
2009,6,1,,1,
2009,6,1,,1,
2009,6,1,,1,
2009,6,2,,0,
2009,6,2,,1,
2009,6,2,,0,
2009,6,2,,0,
2009,6,2,,1,
2009,6,3,,1,
2009,6,3,,1,
2009,6,3,,1,
2009,6,3,,2,
2009,6,3,,0,
2009,6,4,,1,
2009,6,4,,0,
2009,6,4,,1,
2009,6,4,,1,
2009,6,4,,0,
2009,6,5,,0,
2009,6,5,,0,
2009,6,5,,1,
2009,6,5,,0,
2009,6,5,,1,
2009,6,6,,0,
2009,6,6,,0,
2009,6,6,,0,
2009,6,6,,0,
2009,6,6,,1,
2009,7,1,,0,
2009,7,1,,0,
2009,7,1,,1,
2009,7,1,,0,
2009,7,1,,1,
2009,7,2,,0,
2009,7,2,,1,
2009,7,2,,2,
2009,7,2,,2,
2009,7,2,,\,
2009,7,3,,1,
2009,7,3,,\,
2009,7,3,,1,
2009,7,3,,2,
2009,7,3,,1,
2009,7,4,,\,
2009,7,4,,1,
2009,7,4,,2,
2009,7,4,,6,
2009,7,4,,4,
2009,7,5,,5,
2009,7,5,,3,
2009,7,5,,2,
2009,7,5,,2,
2009,7,5,,1,
2009,7,6,,1,
2009,7,6,,1,
2009,7,6,,1,
2009,7,6,,2,
2009,7,6,,3,
2009,7,6,,2,
2009,8,1,,\,
2009,8,1,,2,
2009,8,1,,\,
2009,8,1,,\,
2009,8,1,,4,
2009,8,2,,\,
2009,8,2,,\,
2009,8,2,,0,
2009,8,2,,7,
2009,8,2,,\,
2009,8,3,,\,
2009,8,3,,\,
2009,8,3,,6,
2009,8,3,,8,
2009,8,3,,\,
2009,8,4,,4,
2009,8,4,,6,
2009,8,4,,3,
2009,8,4,,\,
2009,8,4,,2,
2009,8,5,,\,
2009,8,5,,\,
2009,8,5,,\,
2009,8,5,,1,
2009,8,5,,\,
2009,8,6,,\,
2009,8,6,,\,
2009,8,6,,\,
2009,8,6,,\,
2009,8,6,,\,
2009,8,6,,\,
2009,9,1,,\,
2009,9,1,,\,
2009,9,1,,\,
2009,9,1,,\,
2009,9,1,,\,
2009,9,2,,\,
2009,9,2,,\,
2009,9,2,,\,
2009,9,2,,\,
2009,9,2,,\,
2009,9,3,,\,
2009,9,3,,\,
2009,9,3,,\,
2009,9,3,,\,
2009,9,3,,\,
2009,9,4,,\,
2009,9,4,,\,
2009,9,4,,\,
2009,9,4,,\,
2009,9,4,,\,
2009,9,5,,\,
2009,9,5,,\,
2009,9,5,,\,
2009,9,5,,\,
2009,9,5,,\,
2009,9,6,,\,
2009,9,6,,\,
2009,9,6,,\,
2009,9,6,,\,
2009,9,6,,\,
2010,5,1,0,0,0.0
2010,5,2,0,0,0.0
2010,5,3,0,0,0.0
2010,5,4,0,0,0.0
2010,5,5,0,0,0.0
2010,5,6,0,0,0.0
2010,6,1,0,0,0.0
2010,6,2,7,0,7.0
2010,6,3,29,0,29.0
2010,6,4,103,2,105.0
2010,6,5,36,3,39.0
2010,6,6,65,3,68.0
2010,7,1,24,0,24.0
2010,7,2,9,0,9.0
2010,7,3,30,0,30.0
2010,7,4,23,6,29.0
2010,7,5,42,2,44.0
2010,7,6,60,4,64.0
2010,8,1,40,5,45.0
2010,8,2,104,22,126.0
2010,8,3,145,9,154.0
2010,8,4,131,7,138.0
2010,8,5,10,8,18.0
2010,8,6,0,0,0.0
2011,5,1,0,0,0.0
2011,5,2,0,0,0.0
2011,5,3,0,0,0.0
2011,5,4,1,0,1.0
2011,5,5,5,0,5.0
2011,5,6,10,0,10.0
2011,6,1,6,0,6.0
2011,6,2,44,0,44.0
2011,6,3,29,0,29.0
2011,6,4,42,1,43.0
2011,6,5,23,1,24.0
2011,7,1,80,0,80.0
2011,7,1,59,1,60.0
2011,7,2,60,0,60.0
2011,7,3,10,0,10.0
2011,7,4,0,0,0.0
2011,7,5,0,0,0.0
2011,7,6,0,0,0.0
2011,8,1,0,0,0.0
2011,8,2,0,0,0.0
2011,8,3,0,0,0.0
2011,8,4,41,10,51.0
2011,8,5,21,3,24.0
2011,8,6,36,2,38.0
2012,5,1,0,0,0.0
2012,5,2,1,0,1.0
2012,5,3,4,0,4.0
2012,5,4,47,0,47.0
2012,5,5,18,0,18.0
2012,5,6,91,0,91.0
2012,6,1,155,0,155.0
2012,6,2,123,0,123.0
2012,6,3,112,0,112.0
2012,6,4,247,0,247.0
2012,6,5,85,0,85.0
2012,6,6,100,3,103.0
2012,7,1,45,3,48.0
2012,7,2,170,0,170.0
2012,7,3,228,3,231.0
2012,7,4,25,0,25.0
2012,7,5,15,0,15.0
2012,7,6,19,0,19.0
2012,8,1,45,11,56.0
2012,8,2,42,0,42.0
2012,8,3,52,0,52.0
2012,8,4,17,0,17.0
2012,8,5,3,0,3.0
2012,8,6,3,0,3.0
2013,5,1,0,0,0.0
2013,5,2,1,0,1.0
2013,5,3,3,0,3.0
2013,5,4,8,0,8.0
2013,5,5,18,0,18.0
2013,5,6,17,0,17.0
2013,6,1,22,0,22.0
2013,6,2,8,0,8.0
2013,6,3,40,0,40.0
2013,6,4,2,20,22.0
2013,6,5,26,0,26.0
2013,6,6,28,0,28.0
2013,7,1,13,0,13.0
2013,7,2,0,0,0.0
2013,7,3,0,0,0.0
2013,7,4,0,0,0.0
2013,7,5,0,0,0.0
2013,7,6,0,0,0.0
2013,8,1,0,0,0.0
2013,8,2,0,0,0.0
2013,8,3,0,0,0.0
2013,8,4,0,0,0.0
2013,8,5,0,0,0.0
2013,8,6,0,0,0.0
2014,5,1,0,0,0.0
2014,5,2,0,0,0.0
2014,5,3,0,0,0.0
2014,5,4,0,0,0.0
2014,5,5,22,0,22.0
2014,5,6,48,0,48.0
2014,6,1,144,0,144.0
2014,6,2,36,0,36.0
2014,6,3,0,0,0.0
2014,6,4,47,0,47.0
2014,6,5,44,0,44.0
2014,6,6,34,0,34.0
2014,7,1,29,0,29.0
2014,7,2,178,0,178.0
2014,7,3,342,0,342.0
2014,7,4,173,0,173.0
2014,7,5,229,0,229.0
2014,7,6,286,15,301.0
2014,8,1,335,21,356.0
2014,8,2,963,0,963.0
2014,8,3,342,0,342.0
2014,8,4,108,0,108.0
2014,8,5,46,0,46.0
2014,8,6,18,0,18.0
2015,5,1,0,0,0.0
2015,5,2,3,0,3.0
2015,5,3,0,0,0.0
2015,5,4,3,16,19.0
2015,5,5,1,7,8.0
2015,5,6,21,21,42.0
2015,6,1,25,0,25.0
2015,6,2,34,0,34.0
2015,6,3,36,0,36.0
2015,6,4,43,0,43.0
2015,6,5,1,28,29.0
2015,6,6,82,0,82.0
2015,7,1,37,0,37.0
2015,7,2,56,0,56.0
2015,7,3,103,0,103.0
2015,7,4,106,0,106.0
2015,7,5,47,0,47.0
2015,7,6,75,0,75.0
2015,8,1,0,0,0.0
2015,8,2,0,0,0.0
2015,8,3,0,0,0.0
2015,8,4,0,0,0.0
2015,8,5,0,0,0.0
2015,8,6,0,0,0.0
2016,5,1,0,0,0.0
2016,5,2,4,0,4.0
2016,5,3,9,0,9.0
2016,5,4,18,0,18.0
2016,5,5,11,0,11.0
2016,5,6,64,0,64.0
2016,6,1,76,0,76.0
2016,6,2,141,0,141.0
2016,6,3,133,0,133.0
2016,6,4,202,0,202.0
2016,6,5,230,0,230.0
2016,7,1,209,0,209.0
2016,7,1,248,0,248.0
2016,7,2,264,0,264.0
2016,7,3,304,0,304.0
2016,7,4,213,0,213.0
2016,7,5,253,0,253.0
2016,7,6,1310,76,1386.0
2016,8,1,938,0,938.0
2016,8,2,859,0,859.0
2016,8,3,815,14,829.0
2016,8,4,721,7,728.0
2016,8,5,303,0,303.0
2016,8,6,46,0,46.0
2017,5,1,0,0,0.0
2017,5,2,0,0,0.0
2017,5,3,0,0,0.0
2017,5,4,18,0,18.0
2017,5,5,16,0,16.0
2017,5,6,85,0,85.0
2017,6,1,145,0,145.0
2017,6,2,126,0,126.0
2017,6,3,137,0,137.0
2017,6,4,227,0,227.0
2017,6,5,149,0,149.0
2017,6,6,149,0,149.0
2017,7,1,177,0,177.0
2017,7,2,138,0,138.0
2017,7,3,141,0,141.0
2017,7,4,206,0,206.0
2017,7,5,52,0,52.0
2017,7,6,160,0,160.0
2017,8,1,253,0,253.0
2017,8,2,317,0,317.0
2017,8,3,221,0,221.0
2017,8,4,168,0,168.0
2017,8,5,230,0,230.0
2017,8,6,209,0,209.0
2018,5,1,0,0,0.0
2018,5,2,0,0,0.0
2018,5,3,0,0,0.0
2018,5,4,5,0,5.0
2018,5,5,2,0,2.0
2018,5,6,8,0,8.0
2018,6,1,0,0,0.0
2018,6,2,0,0,0.0
2018,6,3,0,0,0.0
2018,6,4,0,0,0.0
2018,6,5,33,0,33.0
2018,6,6,12,0,12.0
2018,7,1,145,0,145.0
2018,7,2,104,0,104.0
2018,7,3,109,0,109.0
2018,7,4,198,0,198.0
2018,7,5,188,0,188.0
2018,7,6,202,0,202.0
2018,8,1,143,0,143.0
2018,8,2,100,0,100.0
2018,8,3,100,0,100.0
2018,8,4,83,0,83.0
2018,8,5,78,0,78.0
2018,8,6,133,0,133.0
2019,5,1,0,0,0.0
2019,5,2,0,0,0.0
2019,5,3,0,0,0.0
2019,5,4,0,0,0.0
2019,5,5,0,0,0.0
2019,5,6,40,0,40.0
2019,6,1,69,0,69.0
2019,6,2,104,0,104.0
2019,6,3,136,0,136.0
2019,6,4,176,0,176.0
2019,6,5,186,0,186.0
2019,7,1,172,0,172.0
2019,7,1,186,0,186.0
2019,7,2,186,0,186.0
2019,7,3,53,0,53.0
2019,7,4,135,0,135.0
2019,7,5,200,0,200.0
2019,7,6,255,0,255.0
2019,8,1,103,0,103.0
2019,8,2,146,0,146.0
2019,8,3,80,0,80.0
2019,8,4,62,0,62.0
2019,8,5,26,0,26.0
2019,8,6,29,0,29.0
2020,5,1,0,0,0.0
2020,5,2,0,0,0.0
2020,5,3,0,0,0.0
2020,5,4,0,0,0.0
2020,5,5,0,25,25.0
2020,5,6,40,13,53.0
2020,6,1,42,0,42.0
2020,6,2,38,0,38.0
2020,6,3,82,0,82.0
2020,6,4,64,0,64.0
2020,6,5,26,0,26.0
2020,6,6,57,0,57.0
2020,7,1,50,0,50.0
2020,7,2,145,0,145.0
2020,7,3,117,0,117.0
2020,7,4,63,0,63.0
2020,7,5,430,0,430.0
2020,7,6,54,0,54.0
2020,8,1,89,0,89.0
2020,8,2,32,0,32.0
2020,8,3,64,0,64.0
2020,8,4,36,0,36.0
2020,8,5,9,46,55.0
2020,8,6,0,7,7.0
2021,4,1,0,0,0.0
2021,4,1,0,0,0.0
2021,4,1,0,0,0.0
2021,4,1,0,0,0.0
2021,4,1,0,0,0.0
2021,4,2,0,0,0.0
2021,4,2,0,0,0.0
2021,4,2,0,0,0.0
2021,4,2,0,0,0.0
2021,4,2,0,0,0.0
2021,4,3,0,0,0.0
2021,4,3,0,0,0.0
2021,4,3,0,0,0.0
2021,4,3,0,0,0.0
2021,4,3,0,0,0.0
2021,4,4,0,0,0.0
2021,4,4,0,0,0.0
2021,4,4,0,0,0.0
2021,4,4,0,0,0.0
2021,4,4,0,0,0.0
2021,4,5,0,0,0.0
2021,4,5,0,0,0.0
2021,4,5,0,0,0.0
2021,4,5,0,0,0.0
2021,4,5,0,/,0.0
2021,4,6,0,/,0.0
2021,4,6,0,/,0.0
2021,4,6,3,/,3.0
2021,4,6,6,/,6.0
2021,4,6,8,/,8.0
2021,5,1,9,0,9.0
2021,5,1,1,0,1.0
2021,5,1,8,0,8.0
2021,5,1,252,0,252.0
2021,5,1,51,0,51.0
2021,5,2,9,0,9.0
2021,5,2,42,0,42.0
2021,5,2,3,0,3.0
2021,5,2,32,0,32.0
2021,5,2,6,0,6.0
2021,5,3,20,0,20.0
2021,5,3,0,0,0.0
2021,5,3,2688,0,2688.0
2021,5,3,1,0,1.0
2021,5,3,4,0,4.0
2021,5,4,6,0,6.0
2021,5,4,6,0,6.0
2021,5,4,53,0,53.0
2021,5,4,0,0,0.0
2021,5,4,0,0,0.0
2021,5,5,0,0,0.0
2021,5,5,0,0,0.0
2021,5,5,0,0,0.0
2021,5,5,0,0,0.0
2021,5,5,0,0,0.0
2021,5,6,0,0,0.0
2021,5,6,0,0,0.0
2021,5,6,8,0,8.0
2021,5,6,5,0,5.0
2021,5,6,9,0,9.0
2021,5,6,7,0,7.0
2021,6,1,12,0,12.0
2021,6,1,7,0,7.0
2021,6,1,15,0,15.0
2021,6,1,8,0,8.0
2021,6,1,7,0,7.0
2021,6,2,11,0,11.0
2021,6,2,12,0,12.0
2021,6,2,17,0,17.0
2021,6,2,7,0,7.0
2021,6,2,0,0,0.0
2021,6,3,0,0,0.0
2021,6,3,0,0,0.0
2021,6,3,4,0,4.0
2021,6,3,0,0,0.0
2021,6,3,0,0,0.0
2021,6,4,0,0,0.0
2021,6,4,6,0,6.0
2021,6,4,7,0,7.0
2021,6,4,0,0,0.0
2021,6,4,9,0,9.0
2021,6,5,0,0,0.0
2021,6,5,0,0,0.0
2021,6,5,192,0,192.0
2021,6,5,224,0,224.0
2021,6,5,64,0,64.0
2021,6,6,17,0,17.0
2021,6,6,19,0,19.0
2021,6,6,23,0,23.0
2021,6,6,21,0,21.0
2021,6,6,8,0,8.0
2021,7,1,26,0,26.0
2021,7,1,11,0,11.0
2021,7,1,16,0,16.0
2021,7,1,6,0,6.0
2021,7,1,0,0,0.0
2021,7,2,0,0,0.0
2021,7,2,0,0,0.0
2021,7,2,0,0,0.0
2021,7,2,0,0,0.0
2021,7,2,13,0,13.0
2021,7,3,9,0,9.0
2021,7,3,8,0,8.0
2021,7,3,2,0,2.0
2021,7,3,4,0,4.0
2021,7,3,0,0,0.0
2021,7,4,3,0,3.0
2021,7,4,7,0,7.0
2021,7,4,5,0,5.0
2021,7,4,12,0,12.0
2021,7,4,/,0,0.0
2021,7,5,/,0,0.0
2021,7,5,/,0,0.0
2021,7,5,13,0,13.0
2021,7,5,4,0,4.0
2021,7,5,3,0,3.0
2021,7,6,6,0,6.0
2021,7,6,7,0,7.0
2021,7,6,10,0,10.0
2021,7,6,9,0,9.0
2021,7,6,8,0,8.0
2021,7,6,7,0,7.0
2021,8,1,10,0,10.0
2021,8,1,8,0,8.0
2021,8,1,9,0,9.0
2021,8,1,6,0,6.0
2021,8,1,7,0,7.0
2021,8,2,6,0,6.0
2021,8,2,19,0,19.0
2021,8,2,0,0,0.0
2021,8,2,10880,0,10880.0
2021,8,2,/,0,0.0
2021,8,3,/,0,0.0
2021,8,3,14848,0,14848.0
2021,8,3,/,0,0.0
2021,8,3,/,0,0.0
2021,8,3,0,0,0.0
2021,8,4,436,0,436.0
2021,8,4,627,0,627.0
2021,8,4,0,0,0.0
2021,8,4,0,0,0.0
2021,8,4,0,0,0.0
2021,8,5,0,2,2.0
2021,8,5,0,0,0.0
2021,8,5,0,0,0.0
2021,8,5,0,0,0.0
2021,8,5,0,0,0.0
2021,8,6,0,0,0.0
2021,8,6,0,0,0.0
2021,8,6,0,0,0.0
2021,8,6,0,0,0.0
2021,8,6,0,0,0.0
2021,8,6,0,0,0.0
2021,9,1,0,0,0.0
2021,9,1,0,0,0.0
2021,9,1,0,0,0.0
2021,9,1,0,0,0.0
2021,9,1,3,0,3.0
2021,9,2,0,0,0.0
2021,9,2,0,0,0.0
2021,9,2,0,0,0.0
2021,9,2,0,0,0.0
2021,9,2,0,0,0.0
2021,9,3,0,0,0.0
2021,9,3,0,0,0.0
2021,9,3,0,0,0.0
2021,9,3,0,0,0.0
2021,9,3,0,0,0.0
2021,9,4,0,0,0.0
2021,9,4,0,0,0.0
2021,9,4,0,0,0.0
2021,9,4,0,0,0.0
2021,9,4,0,0,0.0
2021,9,5,6,0,6.0
2021,9,5,0,0,0.0
2021,9,5,0,0,0.0
2021,9,5,0,0,0.0
2021,9,5,0,0,0.0
2021,9,6,1,0,1.0
2021,9,6,0,0,0.0
2021,9,6,0,0,0.0
2021,9,6,0,0,0.0
2021,9,6,/,0,0.0
2022,4,1,0,0,0.0
2022,4,1,0,0,0.0
2022,4,1,0,0,0.0
2022,4,1,0,0,0.0
2022,4,1,0,0,0.0
2022,4,2,0,0,0.0
2022,4,2,0,0,0.0
2022,4,2,0,0,0.0
2022,4,2,0,0,0.0
2022,4,2,0,0,0.0
2022,4,3,0,0,0.0
2022,4,3,0,0,0.0
2022,4,3,0,0,0.0
2022,4,3,0,0,0.0
2022,4,3,0,0,0.0
2022,4,4,0,0,0.0
2022,4,4,0,0,0.0
2022,4,4,0,0,0.0
2022,4,4,0,0,0.0
2022,4,4,0,0,0.0
2022,4,5,0,0,0.0
2022,4,5,0,/,0.0
2022,4,5,0,/,0.0
2022,4,5,0,/,0.0
2022,4,5,0,/,0.0
2022,4,6,0,/,0.0
2022,4,6,0,/,0.0
2022,4,6,0,0,0.0
2022,4,6,0,0,0.0
2022,4,6,0,0,0.0
2022,5,1,0,0,0.0
2022,5,1,0,/,0.0
2022,5,1,0,/,0.0
2022,5,1,0,/,0.0
2022,5,1,0,/,0.0
2022,5,2,0,/,0.0
2022,5,2,0,/,0.0
2022,5,2,0,0,0.0
2022,5,2,0,0,0.0
2022,5,2,0,0,0.0
2022,5,3,0,0,0.0
2022,5,3,0,1,1.0
2022,5,3,0,0,0.0
2022,5,3,0,1,1.0
2022,5,3,0,1,1.0
2022,5,4,0,0,0.0
2022,5,4,0,0,0.0
2022,5,4,0,0,0.0
2022,5,4,0,0,0.0
2022,5,4,0,0,0.0
2022,5,5,0,0,0.0
2022,5,5,0,0,0.0
2022,5,5,0,0,0.0
2022,5,5,0,0,0.0
2022,5,5,0,0,0.0
2022,5,6,0,0,0.0
2022,5,6,0,0,0.0
2022,5,6,0,0,0.0
2022,5,6,0,0,0.0
2022,5,6,0,0,0.0
2022,5,6,4,0,4.0
2022,6,1,6,0,6.0
2022,6,1,5,0,5.0
2022,6,1,8,0,8.0
2022,6,1,12,0,12.0
2022,6,1,11,0,11.0
2022,6,2,8,0,8.0
2022,6,2,7,0,7.0
2022,6,2,8,0,8.0
2022,6,2,6,0,6.0
2022,6,2,5,0,5.0
2022,6,3,6,0,6.0
2022,6,3,5,6,11.0
2022,6,3,8,2,10.0
2022,6,3,13,4,17.0
2022,6,3,16,0,16.0
2022,6,4,12,0,12.0
2022,6,4,17,0,17.0
2022,6,4,9,0,9.0
2022,6,4,17,0,17.0
2022,6,4,12,0,12.0
2022,6,5,13,0,13.0
2022,6,5,9,0,9.0
2022,6,5,11,0,11.0
2022,6,5,10,0,10.0
2022,6,5,11,0,11.0
2022,6,6,22,0,22.0
2022,6,6,17,0,17.0
2022,6,6,19,8,27.0
2022,6,6,16,19,35.0
2022,6,6,25,0,25.0
2022,7,1,18,0,18.0
2022,7,1,14,0,14.0
2022,7,1,6,7,13.0
2022,7,1,7,9,16.0
2022,7,1,12,0,12.0
2022,7,2,10,0,10.0
2022,7,2,19,0,19.0
2022,7,2,15,0,15.0
2022,7,2,18,1,19.0
2022,7,2,13,5,18.0
2022,7,3,19,0,19.0
2022,7,3,14,3,17.0
2022,7,3,11,0,11.0
2022,7,3,12,3,15.0
2022,7,3,9,2,11.0
2022,7,4,13,0,13.0
2022,7,4,11,0,11.0
2022,7,4,9,1,10.0
2022,7,4,12,0,12.0
2022,7,4,15,0,15.0
2022,7,5,13,0,13.0
2022,7,5,14,17,31.0
2022,7,5,9,0,9.0
2022,7,5,7,0,7.0
2022,7,5,12,0,12.0
2022,7,6,6,0,6.0
2022,7,6,15,0,15.0
2022,7,6,8,0,8.0
2022,7,6,6,0,6.0
2022,7,6,0,1,1.0
2022,7,6,0,0,0.0
2022,8,1,0,0,0.0
2022,8,1,4,18,22.0
2022,8,1,3,0,3.0
2022,8,1,2,0,2.0
2022,8,1,0,0,0.0
2022,8,2,1,0,1.0
2022,8,2,0,0,0.0
2022,8,2,2,208,210.0
2022,8,2,0,205,205.0
2022,8,2,0,65,65.0
2022,8,3,0,12,12.0
2022,8,3,0,4,4.0
2022,8,3,0,3,3.0
2022,8,3,0,0,0.0
2022,8,3,1,0,1.0
2022,8,4,0,0,0.0
2022,8,4,0,0,0.0
2022,8,4,0,5,5.0
2022,8,4,0,23,23.0
2022,8,4,0,0,0.0
2022,8,5,0,0,0.0
2022,8,5,0,50,50.0
2022,8,5,0,49,49.0
2022,8,5,0,106,106.0
2022,8,5,0,0,0.0
2022,8,6,0,49,49.0
2022,8,6,0,0,0.0
2022,8,6,0,61,61.0
2022,8,6,0,0,0.0
2022,8,6,0,3,3.0
2022,8,6,0,0,0.0
2022,9,1,0,1,1.0
2022,9,1,0,0,0.0
2022,9,1,0,27,27.0
2022,9,1,0,51,51.0
2022,9,1,0,17,17.0
2022,9,2,0,0,0.0
2022,9,2,0,0,0.0
2022,9,2,0,14,14.0
2022,9,2,0,12,12.0
2022,9,2,0,19,19.0
2022,9,3,0,1,1.0
2022,9,3,0,0,0.0
2022,9,3,0,0,0.0
2022,9,3,0,2,2.0
2022,9,3,0,0,0.0
2022,9,4,0,0,0.0
2022,9,4,0,9,9.0
2022,9,4,0,18,18.0
2022,9,4,0,0,0.0
2022,9,4,0,0,0.0
2022,9,5,0,0,0.0
2022,9,5,0,0,0.0
2022,9,5,0,0,0.0
2022,9,5,0,0,0.0
2022,9,5,0,1,1.0
2022,9,6,0,0,0.0
2022,9,6,0,0,0.0
2022,9,6,0,0,0.0
2022,9,6,0,0,0.0
2022,9,6,0,/,0.0
2023,4,1,/,/,0.0
2023,4,1,/,0,0.0
2023,4,1,/,/,0.0
2023,4,1,/,/,0.0
2023,4,1,0,0,0.0
2023,4,2,/,/,0.0
2023,4,2,/,0,0.0
2023,4,2,/,0,0.0
2023,4,2,/,0,0.0
2023,4,2,/,/,0.0
2023,4,3,/,/,0.0
2023,4,3,/,/,0.0
2023,4,3,/,/,0.0
2023,4,3,0,/,0.0
2023,4,3,/,/,0.0
2023,4,4,/,/,0.0
2023,4,4,/,/,0.0
2023,4,4,/,/,0.0
2023,4,4,/,/,0.0
2023,4,4,/,/,0.0
2023,4,5,/,/,0.0
2023,4,5,/,/,0.0
2023,4,5,0,/,0.0
2023,4,5,/,/,0.0
2023,4,5,/,/,0.0
2023,4,6,20,/,20.0
2023,4,6,7,0,7.0
2023,4,6,318,0,318.0
2023,4,6,313,0,313.0
2023,4,6,376,0,376.0
2023,5,1,68,0,68.0
2023,5,1,98,0,98.0
2023,5,1,25,0,25.0
2023,5,1,21,0,21.0
2023,5,1,54,0,54.0
2023,5,2,0,0,0.0
2023,5,2,0,0,0.0
2023,5,2,0,0,0.0
2023,5,2,0,0,0.0
2023,5,2,0,0,0.0
2023,5,3,0,0,0.0
2023,5,3,0,0,0.0
2023,5,3,0,0,0.0
2023,5,3,1,0,1.0
2023,5,3,/,0,0.0
2023,5,4,20,/,20.0
2023,5,4,17,/,17.0
2023,5,4,46,/,46.0
2023,5,4,630,2,632.0
2023,5,4,840,4,844.0
2023,5,5,10250,5,10255.0
2023,5,5,302,10,312.0
2023,5,5,105,7,112.0
2023,5,5,241,0,241.0
2023,5,5,75,11,86.0
2023,5,6,805,23,828.0
2023,5,6,2400,31,2431.0
2023,5,6,6350,40,6390.0
2023,5,6,98,36,134.0
2023,5,6,120,48,168.0
2023,5,6,136,36,172.0
2023,6,1,320,21,341.0
2023,6,1,56,10,66.0
2023,6,1,24,/,24.0
2023,6,1,80,/,80.0
2023,6,1,300,0,300.0
2023,6,2,1504,0,1504.0
2023,6,2,320,0,320.0
2023,6,2,240,0,240.0
2023,6,2,590,0,590.0
2023,6,2,64,2,66.0
2023,6,3,128,1,129.0
2023,6,3,2,2,4.0
2023,6,3,256,2,258.0
2023,6,3,32,2,34.0
2023,6,3,3,1,4.0
2023,6,4,4,2,6.0
2023,6,4,4,1,5.0
2023,6,4,6,0,6.0
2023,6,4,7,/,7.0
2023,6,4,10,0,10.0
2023,6,5,2,1,3.0
2023,6,5,6,0,6.0
2023,6,5,6,0,6.0
2023,6,5,8,0,8.0
2023,6,5,2,0,2.0
2023,6,6,1,0,1.0
2023,6,6,1,0,1.0
2023,6,6,3,0,3.0
2023,6,6,1,4,5.0
2023,6,6,2,10,12.0
2023,7,1,1,8,9.0
2023,7,1,1,19,20.0
2023,7,1,2,13,15.0
2023,7,1,1,0,1.0
2023,7,1,6,0,6.0
2023,7,2,7,2,9.0
2023,7,2,4,0,4.0
2023,7,2,4,6,10.0
2023,7,2,2,0,2.0
2023,7,2,4,3,7.0
2023,7,3,1,5,6.0
2023,7,3,3,3,6.0
2023,7,3,2,0,2.0
2023,7,3,/,3,3.0
2023,7,3,/,0,0.0
2023,7,4,/,1,1.0
2023,7,4,/,13,13.0
2023,7,4,/,3,3.0
2023,7,4,/,4,4.0
2023,7,4,/,0,0.0
2023,7,5,/,13,13.0
2023,7,5,/,2,2.0
2023,7,5,/,1,1.0
2023,7,5,/,10,10.0
2023,7,5,/,4,4.0
2023,7,6,/,9,9.0
2023,7,6,/,4,4.0
2023,7,6,/,5,5.0
2023,7,6,/,17,17.0
2023,7,6,/,22,22.0
2023,7,6,/,10,10.0
2023,8,1,/,0,0.0
2023,8,1,/,13,13.0
2023,8,1,/,5,5.0
2023,8,1,/,0,0.0
2023,8,1,0,9,9.0
2023,8,2,0,3,3.0
2023,8,2,0,10,10.0
2023,8,2,0,4,4.0
2023,8,2,5,1,6.0
2023,8,2,11,0,11.0
2023,8,3,15,3,18.0
2023,8,3,10,2,12.0
2023,8,3,9,2,11.0
2023,8,3,9,3,12.0
2023,8,3,/,1,1.0
2023,8,4,65,1,66.0
2023,8,4,110,3,113.0
2023,8,4,100,2,102.0
2023,8,4,70,15,85.0
2023,8,4,80,10,90.0
2023,8,5,0,10,10.0
2023,8,5,0,20,20.0
2023,8,5,1,10,11.0
2023,8,5,3,5,8.0
2023,8,5,0,56,56.0
2023,8,6,0,10,10.0
2023,8,6,0,23,23.0
2023,8,6,2,1,3.0
2023,8,6,0,5,5.0
2023,8,6,0,0,0.0
2023,8,6,0,0,0.0
2023,9,1,0,0,0.0
2023,9,1,0,0,0.0
2023,9,1,0,0,0.0
2023,9,1,0,0,0.0
2023,9,1,0,0,0.0
2023,9,2,18,0,18.0
2023,9,2,3,0,3.0
2023,9,2,3,0,3.0
2023,9,2,12,0,12.0
2023,9,2,12,0,12.0
2023,9,3,2,0,2.0
2023,9,3,10,0,10.0
2023,9,3,21,0,21.0
2023,9,3,18,0,18.0
2023,9,3,6,0,6.0
2023,9,4,14,0,14.0
2023,9,4,27,0,27.0
2023,9,4,13,0,13.0
2023,9,4,17,0,17.0
2023,9,4,11,0,11.0
2023,9,5,8,0,8.0
2023,9,5,0,0,0.0
2023,9,5,0,0,0.0
2023,9,5,0,0,0.0
2023,9,5,0,0,0.0
2023,9,6,0,0,0.0
2023,9,6,0,0,0.0
2023,9,6,0,0,0.0
2023,9,6,11,0,11.0
2023,9,6,4,0,4.0
